EVAL STATS (first-class artifacts)

UTC: 2026-01-11T13:24:03Z
Python: 3.11.9 (main, Apr 19 2024, 16:48:06) [GCC 11.2.0]
Torch: 2.4.1+cu121 CUDA_avail=False

[ckpt_policy]
  Metrics:
    - mix.tv: 0.9457040429115295
    - mix.js: 0.601128339767456
    - mix.hell: 0.8897265791893005
    - mix.l2: 0.7112115025520325
    - mix.H: 0.7808552384376526
    - mix.kl_pu: 3.3780517578125
    - target.success: 0.0
    - target.maxp: 0.6456089615821838
    - target.gini: 0.9719725847244263
    - target.tv_vsU: 0.9457040429115295
    - target.js_vsU: 0.601128339767456
    - target.H: 0.7808552384376526
    - target.KLpU: 3.3780517578125
    - target.cvar_neglogOmega: 18.42068099975586

[ckpt_policy__abl_NoPE]
  Metrics:
    - mix.tv: 0.9362050890922546
    - mix.js: 0.592490017414093
    - mix.hell: 0.8847339153289795
    - mix.l2: 0.7180218696594238
    - mix.H: 0.855654776096344
    - mix.kl_pu: 3.303252696990967
    - target.success: 0.0
    - target.maxp: 0.691006064414978
    - target.gini: 0.9712861776351929
    - target.tv_vsU: 0.9362050890922546
    - target.js_vsU: 0.592490017414093
    - target.H: 0.855654776096344
    - target.KLpU: 3.303252696990967
    - target.cvar_neglogOmega: 18.42068099975586

[ckpt_policy__abl_GlobalCoin]
  Metrics:
    - mix.tv: 0.9457040429115295
    - mix.js: 0.601128339767456
    - mix.hell: 0.8897265791893005
    - mix.l2: 0.7112115025520325
    - mix.H: 0.7808552384376526
    - mix.kl_pu: 3.3780517578125
    - target.success: 0.0
    - target.maxp: 0.6456089615821838
    - target.gini: 0.9719725847244263
    - target.tv_vsU: 0.9457040429115295
    - target.js_vsU: 0.601128339767456
    - target.H: 0.7808552384376526
    - target.KLpU: 3.3780517578125
    - target.cvar_neglogOmega: 18.42068099975586

[ckpt_policy__abl_TimeFrozen]
  Metrics:
    - mix.tv: 0.9457040429115295
    - mix.js: 0.601128339767456
    - mix.hell: 0.8897265791893005
    - mix.l2: 0.7112115025520325
    - mix.H: 0.7808552384376526
    - mix.kl_pu: 3.3780517578125
    - target.success: 0.0
    - target.maxp: 0.6456089615821838
    - target.gini: 0.9719725847244263
    - target.tv_vsU: 0.9457040429115295
    - target.js_vsU: 0.601128339767456
    - target.H: 0.7808552384376526
    - target.KLpU: 3.3780517578125
    - target.cvar_neglogOmega: 18.42068099975586

[ckpt_policy__abl_NodePermute]
  Metrics:
    - mix.tv: 0.9448024034500122
    - mix.js: 0.5932446718215942
    - mix.hell: 0.8831024169921875
    - mix.l2: 0.6755360960960388
    - mix.H: 0.937719464302063
    - mix.kl_pu: 3.221187114715576
    - target.success: 6.738313095411286e-05
    - target.maxp: 0.6397082209587097
    - target.gini: 0.9676763415336609
    - target.tv_vsU: 0.9448024034500122
    - target.js_vsU: 0.5932446718215942
    - target.H: 0.937719464302063
    - target.KLpU: 3.221187114715576
    - target.cvar_neglogOmega: 9.60511589050293

