EVAL STATS (first-class artifacts)

UTC: 2025-12-30T21:14:28Z
Python: 3.11.9 (main, Apr 19 2024, 16:48:06) [GCC 11.2.0]
Torch: 2.4.1+cu121 CUDA_avail=True

[ckpt_policy]
  Metrics:
    - mix.tv: 0.8374433517456055
    - mix.js: 0.47703325748443604
    - mix.hell: 0.7763349413871765
    - mix.l2: 0.43982580304145813
    - mix.H: 1.8651399612426758
    - mix.kl_pu: 2.2937562465667725
    - target.success: 0.0
    - target.maxp: 0.3163456618785858
    - target.gini: 0.9236908555030823
    - target.tv_vsU: 0.8374433517456055
    - target.js_vsU: 0.47703325748443604
    - target.H: 1.8651399612426758
    - target.KLpU: 2.2937562465667725
    - target.cvar_neglogOmega: 18.42068099975586
  Embeddings:
    - ci_mode: episodes  K=10  N=64  D=64
    - mean_norm: 7.99996  std_norm: 8.66485e-07
    - finite_frac: 1

