EVAL STATS (first-class artifacts)

UTC: 2026-01-14T21:00:22Z
Python: 3.11.9 (main, Apr 19 2024, 16:48:06) [GCC 11.2.0]
Torch: 2.4.1+cu121 CUDA_avail=False

[baseline_hadamard]
  Metrics:
    - mix.tv: 0.6224917817628011
    - mix.js: 0.3051733137690462
    - mix.hell: 0.6254356783581898
    - mix.l2: 0.24031026480952278
    - mix.H: 2.940139658097178
    - mix.kl_pu: 1.2187567158136516
    - target.success: 0.01612681470616053
    - target.maxp: 0.1687116458255332
    - target.gini: 0.7627689925255254
    - target.tv_vsU: 0.6224917817628011
    - target.js_vsU: 0.3051733137690462
    - target.H: 2.940139658097178
    - target.KLpU: 1.2187567158136516
    - target.cvar_neglogOmega: 11.172311054589226

