EVAL STATS (first-class artifacts)

UTC: 2025-12-30T21:09:29Z
Python: 3.11.9 (main, Apr 19 2024, 16:48:06) [GCC 11.2.0]
Torch: 2.4.1+cu121 CUDA_avail=True

[ckpt_policy]
  Metrics:
    - mix.tv: 0.8374433517456055
    - mix.js: 0.47703325748443604
    - mix.hell: 0.7763349413871765
    - mix.l2: 0.43982580304145813
    - mix.H: 1.8651399612426758
    - mix.kl_pu: 2.2937562465667725
    - target.success: 0.0
    - target.maxp: 0.3163456618785858
    - target.gini: 0.9236908555030823
    - target.tv_vsU: 0.8374433517456055
    - target.js_vsU: 0.47703325748443604
    - target.H: 1.8651399612426758
    - target.KLpU: 2.2937562465667725
    - target.cvar_neglogOmega: 18.42068099975586
  Embeddings:
    - ci_mode: episodes  K=10  N=64  D=64
    - mean_norm: 7.99996  std_norm: 8.66485e-07
    - finite_frac: 1

[ckpt_policy__mask_random_frac0p05]
  Metrics:
    - mix.tv: 0.8115435481071472
    - mix.js: 0.452691513299942
    - mix.hell: 0.7543072581291199
    - mix.l2: 0.41933098435401917
    - mix.H: 1.9967041850090026
    - mix.kl_pu: 2.162192368507385
    - target.success: 0.0
    - target.maxp: 0.28932301998138427
    - target.gini: 0.9114251375198364
    - target.tv_vsU: 0.8115435481071472
    - target.js_vsU: 0.452691513299942
    - target.H: 1.9967041850090026
    - target.KLpU: 2.162192368507385
    - target.cvar_neglogOmega: 18.42068099975586
  Embeddings:
    - ci_mode: episodes  K=10  N=64  D=64
    - mean_norm: 7.99996  std_norm: 8.9616e-07
    - finite_frac: 1

[ckpt_policy__mask_random_frac0p1]
  Metrics:
    - mix.tv: 0.7516172885894775
    - mix.js: 0.3998937726020813
    - mix.hell: 0.7087490558624268
    - mix.l2: 0.35771252810955045
    - mix.H: 2.328773021697998
    - mix.kl_pu: 1.8301234722137452
    - target.success: 0.0
    - target.maxp: 0.2372068092226982
    - target.gini: 0.8749177932739258
    - target.tv_vsU: 0.7516172885894775
    - target.js_vsU: 0.3998937726020813
    - target.H: 2.328773021697998
    - target.KLpU: 1.8301234722137452
    - target.cvar_neglogOmega: 18.42068099975586
  Embeddings:
    - ci_mode: episodes  K=10  N=64  D=64
    - mean_norm: 7.99996  std_norm: 9.01109e-07
    - finite_frac: 1

[ckpt_policy__mask_random_frac0p2]
  Metrics:
    - mix.tv: 0.7359413862228393
    - mix.js: 0.38881397247314453
    - mix.hell: 0.7002035498619079
    - mix.l2: 0.33785605877637864
    - mix.H: 2.4176891326904295
    - mix.kl_pu: 1.7412073612213135
    - target.success: 0.0
    - target.maxp: 0.22280121296644212
    - target.gini: 0.8636844098567963
    - target.tv_vsU: 0.7359413862228393
    - target.js_vsU: 0.38881397247314453
    - target.H: 2.4176891326904295
    - target.KLpU: 1.7412073612213135
    - target.cvar_neglogOmega: 18.42068099975586
  Embeddings:
    - ci_mode: episodes  K=10  N=64  D=64
    - mean_norm: 7.99996  std_norm: 9.27764e-07
    - finite_frac: 1

[ckpt_policy__mask_random_frac0p3]
  Metrics:
    - mix.tv: 0.7177086532115936
    - mix.js: 0.3771424412727356
    - mix.hell: 0.6921174645423889
    - mix.l2: 0.31865528523921965
    - mix.H: 2.511548638343811
    - mix.kl_pu: 1.6473481893539428
    - target.success: 0.0
    - target.maxp: 0.2129732996225357
    - target.gini: 0.8526548326015473
    - target.tv_vsU: 0.7177086532115936
    - target.js_vsU: 0.3771424412727356
    - target.H: 2.511548638343811
    - target.KLpU: 1.6473481893539428
    - target.cvar_neglogOmega: 18.42068099975586
  Embeddings:
    - ci_mode: episodes  K=10  N=64  D=64
    - mean_norm: 7.99996  std_norm: 9.70869e-07
    - finite_frac: 1

