EVAL STATS (first-class artifacts)

UTC: 2026-01-10T15:32:29Z
Python: 3.11.9 (main, Apr 19 2024, 16:48:06) [GCC 11.2.0]
Torch: 2.4.1+cu121 CUDA_avail=False

[ckpt_policy]
  Metrics:
    - mix.tv: 0.6378114819526672
    - mix.js: 0.31308677792549133
    - mix.hell: 0.6323792338371277
    - mix.l2: 0.2719579041004181
    - mix.H: 2.8335533142089844
    - mix.kl_pu: 1.3253437280654907

[ckpt_policy__abl_NoPE]
  Metrics:
    - mix.tv: 0.5441579222679138
    - mix.js: 0.2484922558069229
    - mix.hell: 0.5723496675491333
    - mix.l2: 0.166225403547287
    - mix.H: 3.2776241302490234
    - mix.kl_pu: 0.8812723755836487

[ckpt_policy__abl_GlobalCoin]
  Metrics:
    - mix.tv: 0.5324896574020386
    - mix.js: 0.24264362454414368
    - mix.hell: 0.5668884515762329
    - mix.l2: 0.15788762271404266
    - mix.H: 3.314997911453247
    - mix.kl_pu: 0.8438984751701355

[ckpt_policy__abl_TimeFrozen]
  Metrics:
    - mix.tv: 0.6253387928009033
    - mix.js: 0.2978297770023346
    - mix.hell: 0.6176809668540955
    - mix.l2: 0.213781476020813
    - mix.H: 3.0121371746063232
    - mix.kl_pu: 1.146759271621704

[ckpt_policy__abl_NodePermute]
  Metrics:
    - mix.tv: 0.5652395486831665
    - mix.js: 0.27287089824676514
    - mix.hell: 0.5957678556442261
    - mix.l2: 0.2069636732339859
    - mix.H: 3.1122965812683105
    - mix.kl_pu: 1.0465997457504272

