EVAL STATS (first-class artifacts)

UTC: 2026-01-13T08:46:12Z
Python: 3.11.9 (main, Apr 19 2024, 16:48:06) [GCC 11.2.0]
Torch: 2.4.1+cu121 CUDA_avail=False

[ckpt_policy]
  Metrics:
    - mix.tv: 0.5785379409790039
    - mix.js: 0.28555601835250854
    - mix.hell: 0.6074880957603455
    - mix.l2: 0.22886282205581665
    - mix.H: 3.021430492401123
    - mix.kl_pu: 1.1374658346176147
    - target.success: 0.016980829608928615
    - target.maxp: 0.1615545153617859
    - target.gini: 0.7504634857177734
    - target.tv_vsU: 0.5785379409790039
    - target.js_vsU: 0.28555601835250854
    - target.H: 3.021430492401123
    - target.KLpU: 1.1374658346176147
    - target.cvar_neglogOmega: 10.792878501676023

[ckpt_policy__abl_NoPE]
  Metrics:
    - mix.tv: 0.9365664124488831
    - mix.js: 0.5856820940971375
    - mix.hell: 0.8760838508605957
    - mix.l2: 0.5963056683540344
    - mix.H: 1.0958268642425537
    - mix.kl_pu: 3.0630791187286377
    - target.success: 0.01564534799403906
    - target.maxp: 0.45698282122612
    - target.gini: 0.9614243507385254
    - target.tv_vsU: 0.9365664124488831
    - target.js_vsU: 0.5856820940971375
    - target.H: 1.0958268642425537
    - target.KLpU: 3.0630791187286377
    - target.cvar_neglogOmega: 16.806583549967037

[ckpt_policy__abl_GlobalCoin]
  Metrics:
    - mix.tv: 0.5785379409790039
    - mix.js: 0.28555601835250854
    - mix.hell: 0.6074880957603455
    - mix.l2: 0.22886282205581665
    - mix.H: 3.021430492401123
    - mix.kl_pu: 1.1374658346176147
    - target.success: 0.016980829608928615
    - target.maxp: 0.1615545153617859
    - target.gini: 0.7504634857177734
    - target.tv_vsU: 0.5785379409790039
    - target.js_vsU: 0.28555601835250854
    - target.H: 3.021430492401123
    - target.KLpU: 1.1374658346176147
    - target.cvar_neglogOmega: 10.792878501676023

[ckpt_policy__abl_TimeFrozen]
  Metrics:
    - mix.tv: 0.5785379409790039
    - mix.js: 0.28555601835250854
    - mix.hell: 0.6074880957603455
    - mix.l2: 0.22886282205581665
    - mix.H: 3.021430492401123
    - mix.kl_pu: 1.1374658346176147
    - target.success: 0.016980829608928615
    - target.maxp: 0.1615545153617859
    - target.gini: 0.7504634857177734
    - target.tv_vsU: 0.5785379409790039
    - target.js_vsU: 0.28555601835250854
    - target.H: 3.021430492401123
    - target.KLpU: 1.1374658346176147
    - target.cvar_neglogOmega: 10.792878501676023

[ckpt_policy__abl_NodePermute]
  Metrics:
    - mix.tv: 0.5854961276054382
    - mix.js: 0.2765536606311798
    - mix.hell: 0.5989519357681274
    - mix.l2: 0.2115005999803543
    - mix.H: 3.0977706909179688
    - mix.kl_pu: 1.061125636100769
    - target.success: 0.015061980441350898
    - target.maxp: 0.15648972988128662
    - target.gini: 0.7315090894699097
    - target.tv_vsU: 0.5854961276054382
    - target.js_vsU: 0.2765536606311798
    - target.H: 3.0977706909179688
    - target.KLpU: 1.061125636100769
    - target.cvar_neglogOmega: 11.085811177361757

