EVAL STATS (first-class artifacts)

UTC: 2026-01-11T13:09:12Z
Python: 3.11.9 (main, Apr 19 2024, 16:48:06) [GCC 11.2.0]
Torch: 2.4.1+cu121 CUDA_avail=False

[baseline_hadamard]
  Metrics:
    - mix.tv: 0.0803571492433548
    - mix.js: 0.004220990929752588
    - mix.hell: 0.06507004052400589
    - mix.l2: 0.02187044359743595
    - mix.H: 4.142576217651367
    - mix.kl_pu: 0.016307074576616287
    - target.success: 0.015741839600741513
    - target.maxp: 0.01785714365541935
    - target.gini: 0.08705353736877441
    - target.tv_vsU: 0.0803571492433548
    - target.js_vsU: 0.004220990929752588
    - target.H: 4.142576217651367
    - target.KLpU: 0.016307074576616287
    - target.cvar_neglogOmega: 4.168150644376874

