EVAL STATS (first-class artifacts)

UTC: 2026-01-11T18:28:29Z
Python: 3.11.9 (main, Apr 19 2024, 16:48:06) [GCC 11.2.0]
Torch: 2.4.1+cu121 CUDA_avail=False

[ckpt_policy]
  Metrics:
    - mix.tv: 0.2663476765155792
    - mix.js: 0.06051066145300865
    - mix.hell: 0.25149208307266235
    - mix.l2: 0.08441078662872314
    - mix.H: 3.928658962249756
    - mix.kl_pu: 0.23022380471229553
    - target.success: 0.0030225589871406555
    - target.maxp: 0.044625915586948395
    - target.gini: 0.3739730715751648
    - target.tv_vsU: 0.2663476765155792
    - target.js_vsU: 0.06051066145300865
    - target.H: 3.928658962249756
    - target.KLpU: 0.23022380471229553
    - target.cvar_neglogOmega: 5.801651477813721

[ckpt_policy__abl_NoPE]
  Metrics:
    - mix.tv: 0.21154293417930603
    - mix.js: 0.035295575857162476
    - mix.hell: 0.18952669203281403
    - mix.l2: 0.06795356422662735
    - mix.H: 4.018570899963379
    - mix.kl_pu: 0.14031267166137695
    - target.success: 0.04755013436079025
    - target.maxp: 0.04755013436079025
    - target.gini: 0.2949846386909485
    - target.tv_vsU: 0.21154293417930603
    - target.js_vsU: 0.035295575857162476
    - target.H: 4.018570899963379
    - target.KLpU: 0.14031267166137695
    - target.cvar_neglogOmega: 3.0459706783294678

[ckpt_policy__abl_GlobalCoin]
  Metrics:
    - mix.tv: 0.23925182223320007
    - mix.js: 0.04211151599884033
    - mix.hell: 0.20704109966754913
    - mix.l2: 0.07659438252449036
    - mix.H: 3.9880354404449463
    - mix.kl_pu: 0.17084774374961853
    - target.success: 0.009647264145314693
    - target.maxp: 0.04786444082856178
    - target.gini: 0.3263879120349884
    - target.tv_vsU: 0.23925182223320007
    - target.js_vsU: 0.04211151599884033
    - target.H: 3.9880354404449463
    - target.KLpU: 0.17084774374961853
    - target.cvar_neglogOmega: 4.641080856323242

[ckpt_policy__abl_TimeFrozen]
  Metrics:
    - mix.tv: 0.46096697449684143
    - mix.js: 0.15275642275810242
    - mix.hell: 0.4038892984390259
    - mix.l2: 0.16706323623657227
    - mix.H: 3.51723575592041
    - mix.kl_pu: 0.6416478157043457
    - target.success: 0.012377940118312836
    - target.maxp: 0.11387181282043457
    - target.gini: 0.6016520261764526
    - target.tv_vsU: 0.46096697449684143
    - target.js_vsU: 0.15275642275810242
    - target.H: 3.51723575592041
    - target.KLpU: 0.6416478157043457
    - target.cvar_neglogOmega: 4.391839504241943

[ckpt_policy__abl_NodePermute]
  Metrics:
    - mix.tv: 0.25837013125419617
    - mix.js: 0.04955095797777176
    - mix.hell: 0.22556953132152557
    - mix.l2: 0.08061377704143524
    - mix.H: 3.9629929065704346
    - mix.kl_pu: 0.1958906054496765
    - target.success: 0.024020064622163773
    - target.maxp: 0.05208088085055351
    - target.gini: 0.3474588394165039
    - target.tv_vsU: 0.25837013125419617
    - target.js_vsU: 0.04955095797777176
    - target.H: 3.9629929065704346
    - target.KLpU: 0.1958906054496765
    - target.cvar_neglogOmega: 3.7288658618927

