EVAL STATS (first-class artifacts)

UTC: 2026-01-11T15:33:39Z
Python: 3.11.9 (main, Apr 19 2024, 16:48:06) [GCC 11.2.0]
Torch: 2.4.1+cu121 CUDA_avail=False

[ckpt_policy]
  Metrics:
    - mix.tv: 0.20393575727939606
    - mix.js: 0.03230345994234085
    - mix.hell: 0.18115372955799103
    - mix.l2: 0.06457693874835968
    - mix.H: 4.030544757843018
    - mix.kl_pu: 0.12833869457244873
    - target.success: 0.020843734964728355
    - target.maxp: 0.036786481738090515
    - target.gini: 0.2838563323020935
    - target.tv_vsU: 0.20393575727939606
    - target.js_vsU: 0.03230345994234085
    - target.H: 4.030544757843018
    - target.KLpU: 0.12833869457244873
    - target.cvar_neglogOmega: 3.870701789855957

[ckpt_policy__abl_NoPE]
  Metrics:
    - mix.tv: 0.4247664511203766
    - mix.js: 0.12743009626865387
    - mix.hell: 0.36709338426589966
    - mix.l2: 0.1436648964881897
    - mix.H: 3.6338906288146973
    - mix.kl_pu: 0.5249925255775452
    - target.success: 0.01599702797830105
    - target.maxp: 0.07991598546504974
    - target.gini: 0.5540761947631836
    - target.tv_vsU: 0.4247664511203766
    - target.js_vsU: 0.12743009626865387
    - target.H: 3.6338906288146973
    - target.KLpU: 0.5249925255775452
    - target.cvar_neglogOmega: 4.13535213470459

[ckpt_policy__abl_GlobalCoin]
  Metrics:
    - mix.tv: 0.21055400371551514
    - mix.js: 0.036364443600177765
    - mix.hell: 0.19310300052165985
    - mix.l2: 0.07007656246423721
    - mix.H: 4.013651371002197
    - mix.kl_pu: 0.14523223042488098
    - target.success: 0.0074634491465985775
    - target.maxp: 0.05297902971506119
    - target.gini: 0.2952083349227905
    - target.tv_vsU: 0.21055400371551514
    - target.js_vsU: 0.036364443600177765
    - target.H: 4.013651371002197
    - target.KLpU: 0.14523223042488098
    - target.cvar_neglogOmega: 4.897737503051758

[ckpt_policy__abl_TimeFrozen]
  Metrics:
    - mix.tv: 0.2919207811355591
    - mix.js: 0.06317796558141708
    - mix.hell: 0.255046010017395
    - mix.l2: 0.10245468467473984
    - mix.H: 3.890817403793335
    - mix.kl_pu: 0.2680653929710388
    - target.success: 0.022945092990994453
    - target.maxp: 0.0636712908744812
    - target.gini: 0.3954275846481323
    - target.tv_vsU: 0.2919207811355591
    - target.js_vsU: 0.06317796558141708
    - target.H: 3.890817403793335
    - target.KLpU: 0.2680653929710388
    - target.cvar_neglogOmega: 3.774651288986206

[ckpt_policy__abl_NodePermute]
  Metrics:
    - mix.tv: 0.238912433385849
    - mix.js: 0.04893506318330765
    - mix.hell: 0.2255450338125229
    - mix.l2: 0.07530070841312408
    - mix.H: 3.9731547832489014
    - mix.kl_pu: 0.18572834134101868
    - target.success: 0.015774723142385483
    - target.maxp: 0.045957453548908234
    - target.gini: 0.33542224764823914
    - target.tv_vsU: 0.238912433385849
    - target.js_vsU: 0.04893506318330765
    - target.H: 3.9731547832489014
    - target.KLpU: 0.18572834134101868
    - target.cvar_neglogOmega: 4.149346351623535

