EVAL STATS (first-class artifacts)

UTC: 2026-01-01T05:39:43Z
Python: 3.11.9 (main, Apr 19 2024, 16:48:06) [GCC 11.2.0]
Torch: 2.4.1+cu121 CUDA_avail=True

[ckpt_policy]
  Metrics:
    - mix.tv: 0.8375475406646729
    - mix.js: 0.47693920135498047
    - mix.hell: 0.776319682598114
    - mix.l2: 0.43913018703460693
    - mix.H: 1.8673861026763916
    - mix.kl_pu: 2.291510581970215
    - target.success: 0.0
    - target.maxp: 0.3158811330795288
    - target.gini: 0.9235054850578308
    - target.tv_vsU: 0.8375475406646729
    - target.js_vsU: 0.47693920135498047
    - target.H: 1.8673861026763916
    - target.KLpU: 2.291510581970215
    - target.cvar_neglogOmega: 18.42068099975586
  Embeddings:
    - ci_mode: episodes  K=10  N=64  D=64
    - mean_norm: 7.99996  std_norm: 9.85601e-07
    - finite_frac: 1

